=========================================
START@:		Thu Mar 10 20:53:47 CET 2016
=========================================
Configuring DaVinci v39r0p1 from /cvmfs/lhcb.cern.ch/lib/lhcb/DAVINCI/DAVINCI_v39r0p1
Using CMTPROJECTPATH = '/afs/cern.ch/user/m/mwilkins/cmtuser:/cvmfs/lhcb.cern.ch/lib/lhcb:/cvmfs/lhcb.cern.ch/lib/lcg/releases:/cvmfs/lhcb.cern.ch/lib/lcg/app/releases:/cvmfs/lhcb.cern.ch/lib/lcg/external'
Environment for DaVinci v39r0p1 ready.
(Compat v1r19 from /cvmfs/lhcb.cern.ch/lib/lhcb/COMPAT/COMPAT_v1r19,
 DaVinci v39r0p1 from /cvmfs/lhcb.cern.ch/lib/lhcb/DAVINCI/DAVINCI_v39r0p1)

Processing rootopts/myRoot.C...

[1mRooFit v3.60 -- Developed by Wouter Verkerke and David Kirkby[0m 
                Copyright (C) 2000-2013 NIKHEF, University of California & Stanford University
                All rights reserved, please read http://roofit.sourceforge.net/license.txt

fileN = 8_nosig_LstCB
-------------------------
Set LHCb Style - Feb 2012
-------------------------
tree gotten
SMC file opened
SMC hist gotten
LstMC file opened
LstMC hist gotten
[#1] INFO:Eval -- RooRealVar::setRange(Bs_LOKI_MASS_JpsiConstr) new range named 'bkg1' created with bounds [4300,4800]
[#1] INFO:Eval -- RooRealVar::setRange(Bs_LOKI_MASS_JpsiConstr) new range named 'bkg2' created with bounds [5700,5950]
[#1] INFO:Eval -- RooRealVar::setRange(Bs_LOKI_MASS_JpsiConstr) new range named 'bkg3' created with bounds [4300,5500]
[#1] INFO:Eval -- RooRealVar::setRange(Bs_LOKI_MASS_JpsiConstr) new range named 'bkg4' created with bounds [5100,5500]
[#1] INFO:Eval -- RooRealVar::setRange(Bs_LOKI_MASS_JpsiConstr) new range named 'L' created with bounds [5350,5950]
[#1] INFO:Eval -- RooRealVar::setRange(Bs_LOKI_MASS_JpsiConstr) new range named 'tail' created with bounds [5950,6040]
[#1] INFO:Eval -- RooRealVar::setRange(Bs_LOKI_MASS_JpsiConstr) new range named 'tot' created with bounds [4300,6040]
mass declared
[#1] INFO:Eval -- RooTreeDataStore::loadValues(data) Ignored 84 out of range events
data declared
[#1] INFO:DataHandling -- RooDataHist::adjustBinning(SMC): fit range of variable Bs_LOKI_MASS_JpsiConstr expanded to nearest bin boundaries: [4100,6100] --> [4100,6100]
SMC hist assigned to RooDataHist
[#1] INFO:DataHandling -- RooDataHist::adjustBinning(LstMC): fit range of variable Bs_LOKI_MASS_JpsiConstr expanded to nearest bin boundaries: [4100,6100] --> [4100,6100]
LstMC hist assigned to RooDataHist
Lst stuff
[#1] INFO:Fitting -- RooAbsOptTestStatistic::ctor(nll_totalPdf_data) constructing test statistic for sub-range named tot
[#1] INFO:Eval -- RooRealVar::setRange(Bs_LOKI_MASS_JpsiConstr) new range named 'NormalizationRangeFortot' created with bounds [4100,6100]
[#1] INFO:Eval -- RooRealVar::setRange(Bs_LOKI_MASS_JpsiConstr) new range named 'fit_nll_totalPdf_data' created with bounds [4300,6040]
[#1] INFO:Fitting -- RooAbsOptTestStatistic::ctor(nll_totalPdf_data) fixing interpretation of coefficients of any RooAddPdf to full domain of observables 
 **********
 **   13 **MIGRAD        7500           1
 **********
 FIRST CALL TO USER FUNCTION AT NEW START POINT, WITH IFLAG=4.
 START MIGRAD MINIMIZATION.  STRATEGY  1.  CONVERGENCE WHEN EDM .LT. 1.00e-03
 FCN=-17683.8 FROM MIGRAD    STATUS=INITIATE      158 CALLS         159 TOTAL
                     EDM= unknown      STRATEGY= 1      NO ERROR MATRIX       
  EXT PARAMETER               CURRENT GUESS       STEP         FIRST   
  NO.   NAME      VALUE            ERROR          SIZE      DERIVATIVE 
   1  alphaL3      3.03639e+00   1.03850e+00   0.00000e+00  -1.25155e+04
   2  b1          -1.17770e+00   5.88851e-01   0.00000e+00  -1.43686e+03
   3  b2           2.08825e-01   1.04413e-01   0.00000e+00  -1.24572e+02
   4  f1L          5.78000e-01   1.00000e-01   0.00000e+00   5.22274e+02
   5  mean3L       5.62100e+03   1.75000e+01   0.00000e+00   4.43103e+00
   6  mean4L       5.62180e+03   1.75000e+01   0.00000e+00  -2.77071e+02
   7  meanLst1     5.01103e+03   2.00000e+01   0.00000e+00   2.16955e+02
   8  nCBLst1405   2.14831e+03   7.60308e+01   6.80372e-04** at limit **
   9  nL1          2.86000e-01   1.43000e-01   0.00000e+00  -8.95241e+03
  10  nbkg         2.16549e+03   1.08275e+03   0.00000e+00  -4.65137e+05
  11  ngauLstmisc   4.39812e+02   2.19906e+02   0.00000e+00** at limit **
  12  nsigL        1.68964e+03   8.44819e+02   0.00000e+00  -2.41893e+06
  13  sig3L        5.16100e+00   2.58050e+00   0.00000e+00  -1.89134e+03
  14  sig4L        1.08190e+01   5.40950e+00   0.00000e+00  -2.11936e+03
  15  sigLst1      7.05221e+01   1.00000e+01   0.00000e+00  -7.10594e+00
                               ERR DEF= 0.5
 MIGRAD MINIMIZATION HAS CONVERGED.
 MIGRAD WILL VERIFY CONVERGENCE AND ERROR MATRIX.
 COVARIANCE MATRIX CALCULATED SUCCESSFULLY
 FCN=-21407.1 FROM MIGRAD    STATUS=CONVERGED    1985 CALLS        1986 TOTAL
                     EDM=0.000149932    STRATEGY= 1      ERROR MATRIX ACCURATE 
  EXT PARAMETER                                   STEP         FIRST   
  NO.   NAME      VALUE            ERROR          SIZE      DERIVATIVE 
   1  alphaL3      1.52405e+00   1.21043e-01   1.06287e-04  -5.22729e+00
   2  b1          -1.18358e+00   1.57615e-02   3.65523e-04   1.00976e-01
   3  b2           2.27144e-01   2.79674e-02   1.18963e-03  -7.09978e-02
   4  f1L          8.52015e-01   6.08357e-02   3.26361e-03   9.59728e-02
   5  mean3L       5.62106e+03   2.31294e-01   1.76966e-04   2.86439e-01
   6  mean4L       5.62958e+03   3.63600e+00   1.06397e-03  -4.71171e-01
   7  meanLst1     4.99835e+03   4.71731e+00   4.49504e-03   8.33096e-03
   8  nCBLst1405   7.53174e+02   7.04280e+01   1.77161e-06** at limit **
   9  nL1          2.59879e+00   4.77767e-01   3.81600e-04  -1.88380e+00
  10  nbkg         6.59155e+03   1.22251e+02   1.27334e-05   7.39767e+00
  11  ngauLstmisc   7.42723e+02   5.44371e+01   1.55085e-06** at limit **
  12  nsigL        4.74025e+03   7.30648e+01   3.23891e-06  -9.80729e+01
  13  sig3L        7.68329e+00   3.76039e-01   4.97700e-04   7.46350e-01
  14  sig4L        1.47995e+01   1.53403e+00   2.29239e-03   1.05385e-02
  15  sigLst1      6.15850e+01   4.54825e+00   7.90123e-03  -4.60181e-03
                               ERR DEF= 0.5
 EXTERNAL ERROR MATRIX.    NDIM=  32    NPAR= 15    ERR DEF=0.5
 ELEMENTS ABOVE DIAGONAL ARE NOT PRINTED.
  1.465e-02 
 -3.867e-04  2.484e-04 
  7.791e-04 -2.879e-04  7.823e-04 
  8.243e-04 -1.616e-04  2.722e-04  3.738e-03 
  4.723e-03 -4.635e-04  7.774e-04  6.329e-03  5.350e-02 
 -5.458e-02 -7.574e-03  1.241e-02  2.034e-01  1.804e-01  1.323e+01 
 -2.033e-02  6.459e-03 -2.009e-02 -9.802e-03 -2.631e-02 -4.829e-01  2.227e+01 
  8.874e-01 -4.253e-01  1.074e+00  5.041e-01  1.329e+00  2.549e+01 -1.021e+02  4.960e+03 
 -4.724e-02  2.119e-03 -4.560e-03  5.784e-03  9.856e-04  5.867e-01  1.218e-01 -5.302e+00  2.283e-01 
 -1.934e+00  3.020e-01 -8.539e-01 -6.330e-01 -1.835e+00 -2.827e+01  1.101e+02 -3.259e+03  1.126e+01  1.495e+04 
  3.845e-01 -4.518e-02  2.170e-01  7.956e-02  2.540e-01  2.960e+00  4.535e+00 -8.710e+02 -2.260e+00 -1.636e+03  2.963e+03 
  1.319e+00 -2.162e-01  4.315e-01  2.964e-01  9.540e-01  1.127e+01 -1.330e+01  6.286e+02 -7.482e+00 -1.035e+03  1.777e+02 
  1.319e+00 -2.162e-01  4.315e-01  2.964e-01  9.540e-01  1.127e+01 -1.330e+01  6.286e+02 -7.482e+00 -1.035e+03  1.777e+02  5.338e+03 
  1.826e-02 -1.099e-03  1.910e-03  2.008e-02  3.831e-02  9.623e-01 -6.385e-02  3.190e+00 -3.705e-03 -4.519e+00  6.518e-01 
  1.826e-02 -1.099e-03  1.910e-03  2.008e-02  3.831e-02  9.623e-01 -6.385e-02  3.190e+00 -3.705e-03 -4.519e+00  6.518e-01  2.384e+00  1.414e-01 
  1.097e-01 -5.646e-03  9.974e-03  3.921e-02  2.268e-01  6.533e-01 -3.096e-01  1.503e+01 -2.296e-01 -2.397e+01  3.828e+00 
  1.097e-01 -5.646e-03  9.974e-03  3.921e-02  2.268e-01  6.533e-01 -3.096e-01  1.503e+01 -2.296e-01 -2.397e+01  3.828e+00  1.394e+01  3.221e-01  2.355e+00 
 -2.337e-02  2.828e-03 -1.365e-02 -5.374e-03 -1.665e-02 -2.115e-01  1.400e+00  4.313e+01  1.378e-01  1.088e+02 -1.326e+02 
 -2.337e-02  2.828e-03 -1.365e-02 -5.374e-03 -1.665e-02 -2.115e-01  1.400e+00  4.313e+01  1.378e-01  1.088e+02 -1.326e+02 -1.120e+01 -4.242e-02 -2.426e-01  2.075e+01 
 PARAMETER  CORRELATION COEFFICIENTS  
       NO.  GLOBAL      1      2      3      4      5      6      7      8      9     10     11     12     13     14     15
        1  0.94077   1.000 -0.203  0.230  0.111  0.169 -0.124 -0.036  0.104 -0.817 -0.131  0.058  0.149  0.401  0.591 -0.042
        2  0.67124  -0.203  1.000 -0.653 -0.168 -0.127 -0.132  0.087 -0.383  0.281  0.157 -0.053 -0.188 -0.185 -0.233  0.039
        3  0.77889   0.230 -0.653  1.000  0.159  0.120  0.122 -0.152  0.545 -0.341 -0.250  0.142  0.211  0.182  0.232 -0.107
        4  0.98215   0.111 -0.168  0.159  1.000  0.448  0.915 -0.034  0.117  0.198 -0.085  0.024  0.066  0.873  0.418 -0.019
        5  0.75124   0.169 -0.127  0.120  0.448  1.000  0.214 -0.024  0.082  0.009 -0.065  0.020  0.056  0.440  0.639 -0.016
        6  0.96913  -0.124 -0.132  0.122  0.915  0.214  1.000 -0.028  0.100  0.338 -0.064  0.015  0.042  0.704  0.117 -0.013
        7  0.33362  -0.036  0.087 -0.152 -0.034 -0.024 -0.028  1.000 -0.307  0.054  0.191  0.018 -0.039 -0.036 -0.043  0.065
        8  0.73006   0.104 -0.383  0.545  0.117  0.082  0.100 -0.307  1.000 -0.158 -0.378 -0.227  0.122  0.120  0.139  0.134
        9  0.91562  -0.817  0.281 -0.341  0.198  0.009  0.338  0.054 -0.158  1.000  0.193 -0.087 -0.214 -0.021 -0.313  0.063
       10  0.54729  -0.131  0.157 -0.250 -0.085 -0.065 -0.064  0.191 -0.378  0.193  1.000 -0.246 -0.116 -0.098 -0.128  0.195
       11  0.63991   0.058 -0.053  0.142  0.024  0.020  0.015  0.018 -0.227 -0.087 -0.246  1.000  0.045  0.032  0.046 -0.535
       12  0.29574   0.149 -0.188  0.211  0.066  0.056  0.042 -0.039  0.122 -0.214 -0.116  0.045  1.000  0.087  0.124 -0.034
       13  0.93699   0.401 -0.185  0.182  0.873  0.440  0.704 -0.036  0.120 -0.021 -0.098  0.032  0.087  1.000  0.558 -0.025
       14  0.85379   0.591 -0.233  0.232  0.418  0.639  0.117 -0.043  0.139 -0.313 -0.128  0.046  0.124  0.558  1.000 -0.035
       15  0.54969  -0.042  0.039 -0.107 -0.019 -0.016 -0.013  0.065  0.134  0.063  0.195 -0.535 -0.034 -0.025 -0.035  1.000
 **********
 **   18 **MINOS        7500
 **********
 FCN=-21407.1 FROM MINOS     STATUS=SUCCESSFUL   7203 CALLS        9189 TOTAL
                     EDM=0.000149932    STRATEGY= 1      ERROR MATRIX ACCURATE 
  EXT PARAMETER                  PARABOLIC         MINOS ERRORS        
  NO.   NAME      VALUE            ERROR      NEGATIVE      POSITIVE   
   1  alphaL3      1.52405e+00   1.21043e-01  -1.23160e-01   1.48515e-01
   2  b1          -1.18358e+00   1.57615e-02  -1.59098e-02   1.63771e-02
   3  b2           2.27144e-01   2.79674e-02  -2.85742e-02   2.88449e-02
   4  f1L          8.52015e-01   6.08357e-02  -6.92955e-02   5.08742e-02
   5  mean3L       5.62106e+03   2.31294e-01  -2.42427e-01   2.19203e-01
   6  mean4L       5.62958e+03   3.63600e+00  -3.05260e+00   4.38988e+00
   7  meanLst1     4.99835e+03   4.71731e+00  -4.75496e+00   4.70692e+00
   8  nCBLst1405   7.53174e+02   7.04280e+01  -7.08008e+01   7.09288e+01
                                 WARNING -   - ABOVE PARAMETER IS AT LIMIT.
   9  nL1          2.59879e+00   4.77767e-01  -4.89624e-01   5.94928e-01
  10  nbkg         6.59155e+03   1.22251e+02  -1.22203e+02   1.23292e+02
  11  ngauLstmisc   7.42723e+02   5.44371e+01  -5.33256e+01   5.52152e+01
                                 WARNING -   - ABOVE PARAMETER IS AT LIMIT.
  12  nsigL        4.74025e+03   7.30648e+01  -7.28780e+01   7.41121e+01
  13  sig3L        7.68329e+00   3.76039e-01  -3.89411e-01   3.41549e-01
  14  sig4L        1.47995e+01   1.53403e+00  -1.42155e+00   1.75813e+00
  15  sigLst1      6.15850e+01   4.54825e+00  -4.32849e+00   4.78614e+00
                               ERR DEF= 0.5
 **********
 **   23 **MINOS        7500
 **********
 FCN=-21407.1 FROM MINOS     STATUS=SUCCESSFUL   7198 CALLS       16387 TOTAL
                     EDM=0.000149932    STRATEGY= 1      ERROR MATRIX ACCURATE 
  EXT PARAMETER                  PARABOLIC         MINOS ERRORS        
  NO.   NAME      VALUE            ERROR      NEGATIVE      POSITIVE   
   1  alphaL3      1.52405e+00   1.21043e-01  -1.23160e-01   1.48515e-01
   2  b1          -1.18358e+00   1.57615e-02  -1.59098e-02   1.63771e-02
   3  b2           2.27144e-01   2.79674e-02  -2.85742e-02   2.88449e-02
   4  f1L          8.52015e-01   6.08357e-02  -6.92955e-02   5.08742e-02
   5  mean3L       5.62106e+03   2.31294e-01  -2.42427e-01   2.19203e-01
   6  mean4L       5.62958e+03   3.63600e+00  -3.05260e+00   4.38988e+00
   7  meanLst1     4.99835e+03   4.71731e+00  -4.75496e+00   4.70692e+00
   8  nCBLst1405   7.53174e+02   7.04280e+01  -7.08008e+01   7.09288e+01
                                 WARNING -   - ABOVE PARAMETER IS AT LIMIT.
   9  nL1          2.59879e+00   4.77767e-01  -4.89624e-01   5.94928e-01
  10  nbkg         6.59155e+03   1.22251e+02  -1.22203e+02   1.23292e+02
  11  ngauLstmisc   7.42723e+02   5.44371e+01  -5.33256e+01   5.52152e+01
                                 WARNING -   - ABOVE PARAMETER IS AT LIMIT.
  12  nsigL        4.74025e+03   7.30648e+01  -7.28780e+01   7.41121e+01
  13  sig3L        7.68329e+00   3.76039e-01  -3.89411e-01   3.41549e-01
  14  sig4L        1.47995e+01   1.53403e+00  -1.42155e+00   1.75813e+00
  15  sigLst1      6.15850e+01   4.54825e+00  -4.32849e+00   4.78614e+00
                               ERR DEF= 0.5
[#1] INFO:Plotting -- RooAbsPdf::plotOn(totalPdf) p.d.f was fitted in range and no explicit plot,norm range was specified, using fit range as default
[#1] INFO:Plotting -- RooAbsPdf::plotOn(totalPdf) only plotting range 'fit_nll_totalPdf_data'
[#1] INFO:Plotting -- RooAbsPdf::plotOn(totalPdf) p.d.f. curve is normalized using explicit choice of ranges 'fit_nll_totalPdf_data'
/\ CB: alpha = 1.524053 +/- 1.485152E-01
/\ signal: fraction CB = 0.852015 +/- 6.929549E-02
/\ CB: mean = 5621.063180 +/- 2.424272E-01
/\ gaus: mean = 5629.582228 +/- 4.389884E+00
/\ CB: n = 2.598785 +/- 5.949281E-01
/\ CB: sigma = 7.683292 +/- 3.894112E-01
/\ gaus: sigma = 14.799543 +/- 1.758135E+00
[#1] INFO:Plotting -- RooAbsPdf::plotOn(totalPdf) p.d.f was fitted in range and no explicit plot,norm range was specified, using fit range as default
[#1] INFO:Plotting -- RooAbsPdf::plotOn(totalPdf) only plotting range 'fit_nll_totalPdf_data'
[#1] INFO:Plotting -- RooAbsPdf::plotOn(totalPdf) p.d.f. curve is normalized using explicit choice of ranges 'fit_nll_totalPdf_data'
[#1] INFO:Plotting -- RooAbsPdf::plotOn(totalPdf) directly selected PDF components: (sigL)
[#1] INFO:Plotting -- RooAbsPdf::plotOn(totalPdf) indirectly selected PDF components: (CBL,gauL)
/\*(misc.): mean1 = 4998.348223 +/- 4.754960E+00
/\*(misc.): sigma1 = 61.585037 +/- 4.786141E+00
[#1] INFO:Plotting -- RooAbsPdf::plotOn(totalPdf) p.d.f was fitted in range and no explicit plot,norm range was specified, using fit range as default
[#1] INFO:Plotting -- RooAbsPdf::plotOn(totalPdf) only plotting range 'fit_nll_totalPdf_data'
[#1] INFO:Plotting -- RooAbsPdf::plotOn(totalPdf) p.d.f. curve is normalized using explicit choice of ranges 'fit_nll_totalPdf_data'
[#1] INFO:Plotting -- RooAbsPdf::plotOn(totalPdf) directly selected PDF components: (gauLstmisc)
[#1] INFO:Plotting -- RooAbsPdf::plotOn(totalPdf) indirectly selected PDF components: ()
[#1] INFO:Plotting -- RooAbsPdf::plotOn(totalPdf) p.d.f was fitted in range and no explicit plot,norm range was specified, using fit range as default
[#1] INFO:Plotting -- RooAbsPdf::plotOn(totalPdf) only plotting range 'fit_nll_totalPdf_data'
[#1] INFO:Plotting -- RooAbsPdf::plotOn(totalPdf) p.d.f. curve is normalized using explicit choice of ranges 'fit_nll_totalPdf_data'
[#1] INFO:Plotting -- RooAbsPdf::plotOn(totalPdf) directly selected PDF components: (CBLst1405)
[#1] INFO:Plotting -- RooAbsPdf::plotOn(totalPdf) indirectly selected PDF components: ()
Background: Chebychev b1 = -1.183578 +/- 1.637711E-02
Background: Chebychev b2 = 0.227144 +/- 2.884493E-02
[#1] INFO:Plotting -- RooAbsPdf::plotOn(totalPdf) p.d.f was fitted in range and no explicit plot,norm range was specified, using fit range as default
[#1] INFO:Plotting -- RooAbsPdf::plotOn(totalPdf) only plotting range 'fit_nll_totalPdf_data'
[#1] INFO:Plotting -- RooAbsPdf::plotOn(totalPdf) p.d.f. curve is normalized using explicit choice of ranges 'fit_nll_totalPdf_data'
[#1] INFO:Plotting -- RooAbsPdf::plotOn(totalPdf) directly selected PDF components: (bkg)
[#1] INFO:Plotting -- RooAbsPdf::plotOn(totalPdf) indirectly selected PDF components: ()
#chi^{2}/N_{DoF} = 1.787900
N /\ = 4740.247974 +/- 74.112095
N /\*(misc.) = 742.723384 +/- 55.215224
N /\*(1405) = 753.173507 +/- 70.928797
N bkg = 6591.553514 +/- 123.291537
Y_{#Sigma^{0}}/Y_{#Lambda} = 1.000000E+00 +/- 2.211073E-02
limit = 1.031766E+00
limit at 90% confidence level = 1.650826E+00
Info in <TCanvas::Print>: eps file plots/fit8_nosig_LstCB.eps has been created
Info in <TCanvas::SaveSource>: C++ Macro file: plots/fit8_nosig_LstCB.C has been generated
=========================================
Finish root @	Thu Mar 10 20:58:45 CET 2016
=========================================
