=========================================
START@:		Thu Oct 13 18:50:47 CEST 2016
=========================================
Configuring DaVinci v39r1 from /afs/cern.ch/user/m/mwilkins/cmtuser/DaVinci_v39r1
Using CMTPROJECTPATH = '/afs/cern.ch/user/m/mwilkins/cmtuser:/cvmfs/lhcb.cern.ch/lib/lhcb:/cvmfs/lhcb.cern.ch/lib/lcg/releases:/cvmfs/lhcb.cern.ch/lib/lcg/app/releases:/cvmfs/lhcb.cern.ch/lib/lcg/external'
Environment for DaVinci v39r1 ready.
(Compat v1r19 from /cvmfs/lhcb.cern.ch/lib/lhcb/COMPAT/COMPAT_v1r19,
 DaVinci v39r1 from /afs/cern.ch/user/m/mwilkins/cmtuser/DaVinci_v39r1)

Processing ./rootopts_LimingB0cuts9/myRoot.C...

[1mRooFit v3.60 -- Developed by Wouter Verkerke and David Kirkby[0m 
                Copyright (C) 2000-2013 NIKHEF, University of California & Stanford University
                All rights reserved, please read http://roofit.sourceforge.net/license.txt

fileN = _LimingB0cuts9
-------------------------
Set LHCb Style - Feb 2012
-------------------------
fit_mass: Set mass and data:
[#1] INFO:Eval -- RooRealVar::setRange(B0_LOKI_MASS_JpsiConstr) new range named 'tot' created with bounds [3800,6600]
[#1] INFO:Eval -- RooRealVar::setRange(B0_LOKI_MASS_JpsiConstr) new range named 'peak' created with bounds [5200,5400]
tree gotten
[#1] INFO:Eval -- RooTreeDataStore::loadValues(data) Ignored 2 out of range events
data declared
fit_mass: Mass and data set.
fit_mass: Assign shapes:
fit_mass: Shapes assigned.
fit_mass: declaring number of each shape:
fit_mass: Numbers declared.
fit_mass: adding shapes and their numbers to totalPdf:
fit_mass: totalPdf constructed.
fit_mass: Starting the fit:
[#1] INFO:Fitting -- RooAbsOptTestStatistic::ctor(nll_totalPdf_data) constructing test statistic for sub-range named peak
[#1] INFO:Eval -- RooRealVar::setRange(B0_LOKI_MASS_JpsiConstr) new range named 'NormalizationRangeForpeak' created with bounds [3800,6600]
[#1] INFO:Eval -- RooRealVar::setRange(B0_LOKI_MASS_JpsiConstr) new range named 'fit_nll_totalPdf_data' created with bounds [5200,5400]
[#1] INFO:Fitting -- RooAbsOptTestStatistic::ctor(nll_totalPdf_data) fixing interpretation of coefficients of any RooAddPdf to full domain of observables 
 **********
 **   13 **MIGRAD        4000           1
 **********
 FIRST CALL TO USER FUNCTION AT NEW START POINT, WITH IFLAG=4.
 START MIGRAD MINIMIZATION.  STRATEGY  1.  CONVERGENCE WHEN EDM .LT. 1.00e-03
 FCN=-2.95727e+06 FROM MIGRAD    STATUS=INITIATE      481 CALLS         482 TOTAL
                     EDM= unknown      STRATEGY= 1      NO ERROR MATRIX       
  EXT PARAMETER               CURRENT GUESS       STEP         FIRST   
  NO.   NAME      VALUE            ERROR          SIZE      DERIVATIVE 
   1  f1           1.33147e-04   1.00000e-01  -2.19380e+00   1.53029e+02
   2  mb           5.03913e+03   2.80000e+02   0.00000e+00  -4.99058e+04
   3  mean1        5.27902e+03   3.00000e+01   0.00000e+00  -8.65297e+05
   4  nbkg         9.65669e+05   1.08250e+03   0.00000e+00  -5.45299e+04
   5  nsig         4.19380e+04   8.44500e+02   0.00000e+00  -9.15822e+06
   6  sb           2.02024e+02   6.00000e+02   0.00000e+00  -3.81512e+04
   7  sig1         8.00000e+00   4.00000e+00   0.00000e+00   1.42681e+02
   8  sig2         4.81572e+00   1.15000e+01   0.00000e+00   4.99575e+04
                               ERR DEF= 0.5
 MIGRAD FAILS TO FIND IMPROVEMENT
 MIGRAD MINIMIZATION HAS CONVERGED.
 FCN=-3.37942e+06 FROM MIGRAD    STATUS=CONVERGED    1776 CALLS        1777 TOTAL
                     EDM=0.000313945    STRATEGY= 1  ERROR MATRIX UNCERTAINTY   2.8 per cent
  EXT PARAMETER                                   STEP         FIRST   
  NO.   NAME      VALUE            ERROR          SIZE      DERIVATIVE 
   1  f1           7.79535e-01   7.90074e-03  -0.00000e+00   1.09393e+00
   2  mb           5.26981e+03   1.22849e+00  -0.00000e+00  -6.08722e+00
   3  mean1        5.28015e+03   1.16042e-02  -0.00000e+00   1.01912e+02
   4  nbkg         1.37028e+04   2.13213e+02   0.00000e+00  -3.89052e+01
   5  nsig         3.93148e+05   6.63577e+02  -0.00000e+00   1.29419e+02
   6  sb           6.25336e+01   1.58897e+00  -0.00000e+00   7.97437e+00
   7  sig1         6.03954e+00   2.95821e-02   0.00000e+00  -8.16655e+00
   8  sig2         1.19076e+01   1.60337e-01   0.00000e+00   1.73349e+01
                               ERR DEF= 0.5
 EXTERNAL ERROR MATRIX.    NDIM=  25    NPAR=  8    ERR DEF=0.5
  6.243e-05  2.719e-03  2.537e-06  6.392e-01 -9.492e-01  5.208e-03 -2.184e-04 -1.187e-03 
  2.719e-03  1.509e+00 -2.784e-04 -9.267e+00 -1.496e+02  1.471e+00 -9.454e-03 -7.338e-02 
  2.537e-06 -2.784e-04  1.347e-04  1.018e-01 -3.815e-02  2.399e-04 -9.005e-06 -5.515e-05 
  6.392e-01 -9.267e+00  1.018e-01  4.546e+04 -2.458e+04  5.493e+01 -2.120e+00 -1.636e+01 
 -9.492e-01 -1.496e+02 -3.815e-02 -2.458e+04  4.403e+05 -2.790e+02  3.257e+00  2.474e+01 
  5.208e-03  1.471e+00  2.399e-04  5.493e+01 -2.790e+02  2.525e+00 -1.798e-02 -1.378e-01 
 -2.184e-04 -9.454e-03 -9.005e-06 -2.120e+00  3.257e+00 -1.798e-02  8.751e-04  4.030e-03 
 -1.187e-03 -7.338e-02 -5.515e-05 -1.636e+01  2.474e+01 -1.378e-01  4.030e-03  2.571e-02 
 PARAMETER  CORRELATION COEFFICIENTS  
       NO.  GLOBAL      1      2      3      4      5      6      7      8
        1  0.97626   1.000  0.280  0.028  0.379 -0.181  0.415 -0.934 -0.937
        2  0.77244   0.280  1.000 -0.020 -0.035 -0.184  0.753 -0.260 -0.373
        3  0.05675   0.028 -0.020  1.000  0.041 -0.005  0.013 -0.026 -0.030
        4  0.59255   0.379 -0.035  0.041  1.000 -0.174  0.162 -0.336 -0.479
        5  0.30200  -0.181 -0.184 -0.005 -0.174  1.000 -0.265  0.166  0.233
        6  0.81962   0.415  0.753  0.013  0.162 -0.265  1.000 -0.383 -0.541
        7  0.93795  -0.934 -0.260 -0.026 -0.336  0.166 -0.383  1.000  0.850
        8  0.96288  -0.937 -0.373 -0.030 -0.479  0.233 -0.541  0.850  1.000
 **********
 **   18 **MINOS        4000
 **********
 FCN=-3.37942e+06 FROM MINOS     STATUS=SUCCESSFUL   1641 CALLS        3418 TOTAL
                     EDM=0.000313945    STRATEGY= 1  ERROR MATRIX UNCERTAINTY   2.8 per cent
  EXT PARAMETER                  PARABOLIC         MINOS ERRORS        
  NO.   NAME      VALUE            ERROR      NEGATIVE      POSITIVE   
   1  f1           7.79535e-01   7.90074e-03  -8.20756e-03   7.60009e-03
   2  mb           5.26981e+03   1.22849e+00  -1.24595e+00   1.21626e+00
   3  mean1        5.28015e+03   1.16042e-02  -1.17916e-02   1.15950e-02
   4  nbkg         1.37028e+04   2.13213e+02  -2.08099e+02   2.16391e+02
   5  nsig         3.93148e+05   6.63577e+02  -6.83151e+02   6.51147e+02
   6  sb           6.25336e+01   1.58897e+00  -1.59838e+00   1.60877e+00
   7  sig1         6.03954e+00   2.95821e-02  -3.04997e-02   2.89259e-02
   8  sig2         1.19076e+01   1.60337e-01  -1.59841e-01   1.55077e-01
                               ERR DEF= 0.5
 **********
 **   23 **MINOS        4000
 **********
 FCN=-3.37942e+06 FROM MINOS     STATUS=SUCCESSFUL   1736 CALLS        5154 TOTAL
                     EDM=0.000313945    STRATEGY= 1  ERROR MATRIX UNCERTAINTY   2.8 per cent
  EXT PARAMETER                  PARABOLIC         MINOS ERRORS        
  NO.   NAME      VALUE            ERROR      NEGATIVE      POSITIVE   
   1  f1           7.79535e-01   7.90074e-03  -8.20897e-03   7.60009e-03
   2  mb           5.26981e+03   1.22849e+00  -1.24595e+00   1.21626e+00
   3  mean1        5.28015e+03   1.16042e-02  -1.17916e-02   1.15950e-02
   4  nbkg         1.37028e+04   2.13213e+02  -2.08099e+02   2.16391e+02
   5  nsig         3.93148e+05   6.63577e+02  -6.83282e+02   6.51147e+02
   6  sb           6.25336e+01   1.58897e+00  -1.59838e+00   1.60877e+00
   7  sig1         6.03954e+00   2.95821e-02  -3.04997e-02   2.89258e-02
   8  sig2         1.19076e+01   1.60337e-01  -1.59841e-01   1.55077e-01
                               ERR DEF= 0.5
fit_mass: Fit complete.
fit_mass: Starting save_plot_fit_mass():
[#1] INFO:Plotting -- RooAbsPdf::plotOn(totalPdf) p.d.f was fitted in range and no explicit plot,norm range was specified, using fit range as default
[#1] INFO:Plotting -- RooAbsPdf::plotOn(totalPdf) only plotting range 'fit_nll_totalPdf_data'
[#1] INFO:Plotting -- RooAbsPdf::plotOn(totalPdf) p.d.f. curve is normalized using explicit choice of ranges 'fit_nll_totalPdf_data'
B0 signal: fraction gaussian 1 = 0.779535 +/- 8.208970E-03
B0 gaus 1: mean = 5280.147640 +/- 1.179156E-02
B0 gaus 1: sigma = 6.039536 +/- 3.049968E-02
B0 gaus 2: sigma = 11.907639 +/- 1.598411E-01
[#1] INFO:Plotting -- RooAbsPdf::plotOn(totalPdf) p.d.f was fitted in range and no explicit plot,norm range was specified, using fit range as default
[#1] INFO:Plotting -- RooAbsPdf::plotOn(totalPdf) only plotting range 'fit_nll_totalPdf_data'
[#1] INFO:Plotting -- RooAbsPdf::plotOn(totalPdf) p.d.f. curve is normalized using explicit choice of ranges 'fit_nll_totalPdf_data'
[#1] INFO:Plotting -- RooAbsPdf::plotOn(totalPdf) directly selected PDF components: (sig)
[#1] INFO:Plotting -- RooAbsPdf::plotOn(totalPdf) indirectly selected PDF components: (gau1,gau2,mean2)
Background: Gaussian mean = 5269.806367 +/- 1.245946E+00
Background: Gaussian sigma = 62.533648 +/- 1.608769E+00
[#1] INFO:Plotting -- RooAbsPdf::plotOn(totalPdf) p.d.f was fitted in range and no explicit plot,norm range was specified, using fit range as default
[#1] INFO:Plotting -- RooAbsPdf::plotOn(totalPdf) only plotting range 'fit_nll_totalPdf_data'
[#1] INFO:Plotting -- RooAbsPdf::plotOn(totalPdf) p.d.f. curve is normalized using explicit choice of ranges 'fit_nll_totalPdf_data'
[#1] INFO:Plotting -- RooAbsPdf::plotOn(totalPdf) directly selected PDF components: (bkg)
[#1] INFO:Plotting -- RooAbsPdf::plotOn(totalPdf) indirectly selected PDF components: ()
#chi^{2}/N_{DoF} = 12.250613
N B0 = 393147.733499 +/- 683.281778
N bkg = 13702.783839 +/- 216.391407
Info in <TCanvas::Print>: eps file plots/fit_LimingB0cuts9.eps has been created
Info in <TCanvas::SaveSource>: C++ Macro file: plots/fit_LimingB0cuts9.C has been generated
save_plot_fit_mass() complete.
fit_mass complete.
=========================================
Finish root @	Thu Oct 13 19:09:51 CEST 2016
=========================================
